((("item" .
   [2 0 0 0])
  ("line_items" .
   [0 0 0 0 1 0 0 0 0 0])
  ("total_price" .
   [0 0 0 0 0 1 1 0 0 0 0])
  ("validates" .
   [0 0 1 0 0 0 0 0 0])
  (":price" .
   [1 0 0 1 0 1])
  ("each" .
   [1 0 0 1])
  ("non-nil." .
   [0 0 0 1 0 0 0 1])
  ("nil" .
   [1 0 0])
  ("capitalize" .
   [0 0 0 1 0 0 0 0 0 0])
  ("product" .
   [5 0 0 0 0 1 0])
  ("Product" .
   [1 0 0 0 0 0 0])
  ("new" .
   [1 0 0])
  ("assert_not_nil" .
   [0 0 0 0 0 0 1 0 0 0 0 0 0 0])
  ("i" .
   [2])
  ("assert" .
   [0 0 2 2 0 0])
  ("price" .
   [0 2 0 0 0])
  ("errors" .
   [1 0 0 0 1 2])
  (":title" .
   [0 0 0 1 0 0])
  ("a" .
   [2])
  (":description" .
   [0 0 0 0 1 0 0 0 0 0 0 0])
  ("any?" .
   [2 0 1 0])
  (":image_url" .
   [0 0 0 1 0 0 0 0 0 0])
  ("cart" .
   [1 0 0 0])
  (":cart" .
   [2 0 0 0 0])
  (":product_id" .
   [1 0 0 0 0 0 0 0 0 0 0])))
